"{\"_uid\":\"201121439\",\"_locale\":\"ru\",\"_connection_id\":\"LIZA-64070387-1648353332561\","
"\"_exp\":\"404892,0,-1;406173,0,-1;457741,0,-1;455818,0,55;539433,0,50;451868,0,77;550189,0,43"
";428729,0,75;500413,0,8;380961,0,82;512791,0,17;500420,0,23;538275,0,17;261663,0,34;118737,0,2"
"6;512772,0,45;456408,0,88;453083,0,16;317929,0,22;92934,0,22;471696,0,13;381544,0,17\",\"_eexp"
"\":\"404892,0,-1;406173,0,-1;457741,0,-1;455818,0,55;539433,0,50;451868,0,77;550189,0,43;42872"
"9,0,75;500413,0,8;380961,0,82;500420,0,23;261663,0,34;118737,0,26;512772,0,45;456408,0,88;4530"
"83,0,16;317929,0,22;381544,0,17\",\"models\":[{\"name\":\"do-service-worker-log\",\"params\":{"
"\"params\":\"{\\\"count\\\":1,\\\"pool\\\":\\\"messages-201121439\\\",\\\"type\\\":\\\"info\\\""
",\\\"timestamp\\\":1648654405743,\\\"mid\\\":\\\"179018085187987871\\\",\\\"reason\\\":\\\"not"
"ification-show\\\",\\\"source\\\":\\\"u2709-push\\\"}\"}}],\"_ckey\":\"ukWbItAGrTzatnp9L+SuAg2"
"pJa4=!l1f5pebe\"}"
